Dataset {
    Grid {
     ARRAY:
        Float32 tsfmax[time = 61][lat = 1][lon = 1];
     MAPS:
        Float32 time[time = 61];
        Float32 lat[lat = 1];
        Float32 lon[lon = 1];
    } tsfmax;
} poama%2frealtime%2fdaily%2fm24a%2femn%2fdagc_20151220%2enc;
---------------------------------------------
tsfmax.tsfmax[61][1][1]
[0][0], 302.86896
[1][0], 304.2652
[2][0], 305.516
[3][0], 304.83823
[4][0], 304.84274
[5][0], 304.8405
[6][0], 305.4309
[7][0], 304.97
[8][0], 304.86584
[9][0], 304.17966
[10][0], 303.67453
[11][0], 303.55698
[12][0], 303.4986
[13][0], 303.85852
[14][0], 303.82578
[15][0], 304.0079
[16][0], 304.4786
[17][0], 304.00485
[18][0], 304.02588
[19][0], 303.1122
[20][0], 303.20993
[21][0], 303.54828
[22][0], 304.1575
[23][0], 304.50137
[24][0], 304.04437
[25][0], 305.27698
[26][0], 305.47394
[27][0], 304.9127
[28][0], 304.54822
[29][0], 304.3426
[30][0], 304.91342
[31][0], 305.10193
[32][0], 304.74365
[33][0], 303.70517
[34][0], 302.28976
[35][0], 302.99695
[36][0], 303.59232
[37][0], 303.7394
[38][0], 303.96643
[39][0], 303.66437
[40][0], 303.9393
[41][0], 304.2605
[42][0], 304.0137
[43][0], 304.15955
[44][0], 303.2956
[45][0], 303.59637
[46][0], 303.98495
[47][0], 304.0863
[48][0], 303.83582
[49][0], 304.62823
[50][0], 304.5739
[51][0], 303.99576
[52][0], 304.03232
[53][0], 304.15094
[54][0], 304.8324
[55][0], 305.42032
[56][0], 306.09323
[57][0], 305.91663
[58][0], 304.95676
[59][0], 303.6183
[60][0], 303.26657

tsfmax.time[61]
1.0, 2.0, 3.0, 4.0, 5.0, 6.0, 7.0, 8.0, 9.0, 10.0, 11.0, 12.0, 13.0, 14.0, 15.0, 16.0, 17.0, 18.0, 19.0, 20.0, 21.0, 22.0, 23.0, 24.0, 25.0, 26.0, 27.0, 28.0, 29.0, 30.0, 31.0, 32.0, 33.0, 34.0, 35.0, 36.0, 37.0, 38.0, 39.0, 40.0, 41.0, 42.0, 43.0, 44.0, 45.0, 46.0, 47.0, 48.0, 49.0, 50.0, 51.0, 52.0, 53.0, 54.0, 55.0, 56.0, 57.0, 58.0, 59.0, 60.0, 61.0

tsfmax.lat[1]
-26.068298

tsfmax.lon[1]
152.5


